
DA = 0.986583;

ZCF_CA	= 0.667615;
ZCF_SA	= 0.659211;

DD_CA	= 0.667891;
DD_SA	= 0.659483;

TVLSI_CA= 0.626903;
TVLIS_SA= 0.619102;

My_CA	= 0.98;
My_SA	= 0.
